- id: 1
  x: -2.649086804280039e-11
  y: 2.130379812537485e-11
  z: -4.379722213745117