nodes:
  - id: 1
    x: 45.45836575506897
    y: -73.93233197405084
    z: 0
  - id: 2
    x: 45.458375161942016
    y: -73.93236483111184
    z: 0
  - id: 3
    x: 45.45840855632869
    y: -73.93236214890278
    z: 0
  - id: 4
    x: 45.458413259761834
    y: -73.93241042866589
    z: 0

